      39.0000       1.00000       99.0000
      40.4510       1.36863       99.0627
      41.9020       1.73726       99.1255
      43.3529       2.10588       99.1882
      44.8039       2.47451       99.2510
      46.2549       2.84314       99.3137
      47.7059       3.21177       99.3765
      49.1569       3.58039       99.4392
      50.6078       3.94902       99.5020
      52.0588       4.31765       99.5647
      53.5098       4.68628       99.6274
      54.9608       5.05490       99.6902
      56.4118       5.42353       99.7529
      57.8627       5.79216       99.8157
      59.3137       6.16079       99.8784
      60.7647       6.52941       99.9412
      62.2157       6.89804       100.004
      63.6667       7.26667       100.067
      65.1176       7.63530       100.129
      66.5686       8.00392       100.192
      68.0196       8.37255       100.255
      69.4706       8.74118       100.318
      70.9216       9.10980       100.380
      72.3725       9.47843       100.443
      73.8235       9.84706       100.506
      75.2745       10.2157       100.569
      76.7255       10.5843       100.631
      78.1765       10.9529       100.694
      79.6275       11.3216       100.757
      81.0784       11.6902       100.820
      82.5294       12.0588       100.882
      83.9804       12.4275       100.945
      85.4314       12.7961       101.008
      86.8824       13.1647       101.071
      88.3333       13.5333       101.133
      89.7843       13.9020       101.196
      91.2353       14.2706       101.259
      92.6863       14.6392       101.322
      94.1373       15.0078       101.384
      95.5882       15.3765       101.447
      97.0392       15.7451       101.510
      98.4902       16.1137       101.573
      99.9412       16.4824       101.635
      101.392       16.8510       101.698
      102.843       17.2196       101.761
      104.294       17.5882       101.824
      105.745       17.9569       101.886
      107.196       18.3255       101.949
      108.647       18.6941       102.012
      110.098       19.0627       102.075
      111.549       19.4314       102.137
      113.000       19.8000       102.200
      114.451       20.1686       102.263
      115.902       20.5373       102.325
      117.353       20.9059       102.388
      118.804       21.2745       102.451
      120.255       21.6431       102.514
      121.706       22.0118       102.576
      123.157       22.3804       102.639
      124.608       22.7490       102.702
      126.059       23.1176       102.765
      127.510       23.4863       102.827
      128.961       23.8549       102.890
      130.412       24.2235       102.953
      131.863       24.5922       103.016
      133.314       24.9608       103.078
      134.765       25.3294       103.141
      136.216       25.6980       103.204
      137.667       26.0667       103.267
      139.118       26.4353       103.329
      140.569       26.8039       103.392
      142.020       27.1725       103.455
      143.471       27.5412       103.518
      144.922       27.9098       103.580
      146.373       28.2784       103.643
      147.824       28.6471       103.706
      149.275       29.0157       103.769
      150.725       29.3843       103.831
      152.176       29.7529       103.894
      153.627       30.1216       103.957
      155.078       30.4902       104.020
      156.529       30.8588       104.082
      157.980       31.2275       104.145
      159.431       31.5961       104.208
      160.882       31.9647       104.271
      162.333       32.3333       104.333
      163.784       32.7020       104.396
      165.235       33.0706       104.459
      166.686       33.4392       104.522
      168.137       33.8078       104.584
      169.588       34.1765       104.647
      171.039       34.5451       104.710
      172.490       34.9137       104.773
      173.941       35.2824       104.835
      175.392       35.6510       104.898
      176.843       36.0196       104.961
      178.294       36.3882       105.024
      179.745       36.7569       105.086
      181.196       37.1255       105.149
      182.647       37.4941       105.212
      184.098       37.8627       105.275
      185.549       38.2314       105.337
      187.000       38.6000       105.400
      188.451       38.9686       105.463
      189.902       39.3373       105.525
      191.353       39.7059       105.588
      192.804       40.0745       105.651
      194.255       40.4431       105.714
      195.706       40.8118       105.776
      197.157       41.1804       105.839
      198.608       41.5490       105.902
      200.059       41.9176       105.965
      201.510       42.2863       106.027
      202.961       42.6549       106.090
      204.412       43.0235       106.153
      205.863       43.3922       106.216
      207.314       43.7608       106.278
      208.765       44.1294       106.341
      210.216       44.4980       106.404
      211.667       44.8667       106.467
      213.118       45.2353       106.529
      214.569       45.6039       106.592
      216.020       45.9725       106.655
      217.471       46.3412       106.718
      218.922       46.7098       106.780
      220.373       47.0784       106.843
      221.824       47.4471       106.906
      223.275       47.8157       106.969
      223.761       48.7412       107.388
      223.282       50.2235       108.165
      222.804       51.7059       108.941
      222.325       53.1882       109.718
      221.847       54.6706       110.494
      221.369       56.1529       111.271
      220.890       57.6353       112.047
      220.412       59.1176       112.824
      219.933       60.6000       113.600
      219.455       62.0824       114.376
      218.976       63.5647       115.153
      218.498       65.0471       115.929
      218.020       66.5294       116.706
      217.541       68.0118       117.482
      217.063       69.4941       118.259
      216.584       70.9765       119.035
      216.106       72.4588       119.812
      215.627       73.9412       120.588
      215.149       75.4235       121.365
      214.671       76.9059       122.141
      214.192       78.3882       122.918
      213.714       79.8706       123.694
      213.235       81.3529       124.471
      212.757       82.8353       125.247
      212.278       84.3176       126.024
      211.800       85.8000       126.800
      211.322       87.2823       127.576
      210.843       88.7647       128.353
      210.365       90.2471       129.129
      209.886       91.7294       129.906
      209.408       93.2118       130.682
      208.929       94.6941       131.459
      208.451       96.1765       132.235
      207.973       97.6588       133.012
      207.494       99.1412       133.788
      207.016       100.624       134.565
      206.537       102.106       135.341
      206.059       103.588       136.118
      205.580       105.071       136.894
      205.102       106.553       137.671
      204.624       108.035       138.447
      204.145       109.518       139.224
      203.667       111.000       140.000
      203.188       112.482       140.776
      202.710       113.965       141.553
      202.231       115.447       142.329
      201.753       116.929       143.106
      201.275       118.412       143.882
      200.796       119.894       144.659
      200.318       121.376       145.435
      199.839       122.859       146.212
      199.361       124.341       146.988
      198.882       125.824       147.765
      198.404       127.306       148.541
      197.925       128.788       149.318
      197.447       130.271       150.094
      196.969       131.753       150.871
      196.490       133.235       151.647
      196.012       134.718       152.424
      195.533       136.200       153.200
      195.055       137.682       153.976
      194.576       139.165       154.753
      194.098       140.647       155.529
      193.620       142.129       156.306
      193.141       143.612       157.082
      192.663       145.094       157.859
      192.184       146.576       158.635
      191.706       148.059       159.412
      191.227       149.541       160.188
      190.749       151.024       160.965
      190.271       152.506       161.741
      189.792       153.988       162.518
      189.314       155.471       163.294
      188.835       156.953       164.071
      188.357       158.435       164.847
      187.878       159.918       165.624
      187.400       161.400       166.400
      186.922       162.882       167.176
      186.443       164.365       167.953
      185.965       165.847       168.729
      185.486       167.329       169.506
      185.008       168.812       170.282
      184.529       170.294       171.059
      184.051       171.776       171.835
      183.573       173.259       172.612
      183.094       174.741       173.388
      182.616       176.224       174.165
      182.137       177.706       174.941
      181.659       179.188       175.718
      181.180       180.671       176.494
      180.702       182.153       177.271
      180.224       183.635       178.047
      179.745       185.118       178.824
      179.267       186.600       179.600
      178.788       188.082       180.376
      178.310       189.565       181.153
      177.831       191.047       181.929
      177.353       192.529       182.706
      176.875       194.012       183.482
      176.396       195.494       184.259
      175.918       196.976       185.035
      175.439       198.459       185.812
      174.961       199.941       186.588
      174.482       201.424       187.365
      174.004       202.906       188.141
      173.525       204.388       188.918
      173.047       205.871       189.694
      172.569       207.353       190.471
      172.090       208.835       191.247
      171.612       210.318       192.024
      171.133       211.800       192.800
      170.655       213.282       193.576
      170.176       214.765       194.353
      169.698       216.247       195.129
      169.220       217.729       195.906
      168.741       219.212       196.682
      168.263       220.694       197.459
      167.784       222.176       198.235
      167.306       223.659       199.012
      166.827       225.141       199.788
      166.349       226.624       200.565
      165.871       228.106       201.341
      165.392       229.588       202.118
      164.914       231.071       202.894
      164.435       232.553       203.671
      163.957       234.035       204.447
      163.478       235.518       205.224
      163.000       237.000       206.000
